paramfile='e002.nc'
baseflow_scalar=0.010364258751763182
maximum_leaf_wetted_fraction=0.1641523018303713
