paramfile='e007.nc'
baseflow_scalar=0.051154473279627154
maximum_leaf_wetted_fraction=0.22648668378423226
