! user_nl_clm namelist options written by generate_params:
baseflow_scalar=0.0741108703411576
maximum_leaf_wetted_fraction=0.4857671608527329
