! user_nl_clm namelist options written by generate_params:
baseflow_scalar=0.056003555977241326
maximum_leaf_wetted_fraction=0.4112625338860511
