! user_nl_clm namelist options written by generate_params:
baseflow_scalar=0.022228280442271105
maximum_leaf_wetted_fraction=0.1357537512610343
