! user_nl_clm namelist options written by generate_params:
baseflow_scalar=0.06987486306814782
maximum_leaf_wetted_fraction=0.3943511536878173
