! user_nl_clm namelist options written by generate_params:
baseflow_scalar=0.0451558208298409
maximum_leaf_wetted_fraction=0.2622095292155486
