! user_nl_clm namelist options written by generate_params:
baseflow_scalar=0.08442335237612433
maximum_leaf_wetted_fraction=0.18223269342078707
