! user_nl_clm namelist options written by generate_params:
baseflow_scalar=0.01515039358473583
maximum_leaf_wetted_fraction=0.3069230327706341
