! user_nl_clm namelist options written by generate_params:
baseflow_scalar=0.007386578588389994
maximum_leaf_wetted_fraction=0.053404247537149376
